1 Turtwig 5 55 68 64 31 52 43 3 5 18 1
2 Grotle 5 75 89 85 36 52 43 5 3 32 2
3 Torterra 5 95 109 105 56 52 43 5 28 0 0
4 Piplup 4 53 51 53 40 52 55 58 55 16 7
5 Prinplup 4 64 66 68 50 52 56 30 55 36 8
6 Empoleon 4 84 86 88 60 52 47 12 56 0 0
7 Starly 7 40 55 30 60 52 33 53 24 14 10
8 Staravia 7 55 75 50 80 52 53 32 44 34 11
9 Staraptor 7 85 120 70 100 52 53 7 32 0 0
10 Bidoof 3 59 45 40 31 52 12 33 35 15 13
11 Bibarel 3 79 85 60 71 52 8 11 12 0 0
12 Shinx 9 45 65 34 45 52 36 16 17 15 15
13 Luxio 9 60 85 49 60 52 16 36 17 30 16
14 Luxray 9 80 120 79 70 52 16 34 17 0 0
15 Abra 1 25 20 15 90 52 4 6 15 16 17
16 Kadabra 1 40 35 30 105 52 15 4 6 67 19
17 Alakazam 1 55 50 45 120 52 4 15 20 0 0
18 Magikarp 4 20 10 55 80 52 49 51 55 20 21
19 Gyarados 4 95 125 79 81 52 47 49 51 0 0
20 Budew 5 40 30 35 55 52 43 28 5 15 23
21 Roselia 5 50 60 45 65 52 28 43 5 30 24
22 Roserade 5 60 70 55 90 52 5 28 43 0 0
23 Zubat 7 40 45 35 55 52 44 32 24 22 26
24 Golbat 7 75 80 70 90 52 24 32 44 44 27
25 Crobat 7 85 90 80 130 52 32 24 44 0 0
26 Geodude 6 40 80 100 20 52 18 19 22 25 29
27 Graveler 6 55 95 115 35 52 19 18 22 33 30
28 Golem 6 80 110 130 45 52 19 22 18 40 31
29 Onix 6 35 45 160 70 52 19 39 22 0 0
30 Machop 2 70 80 50 35 52 9 27 45 28 33
31 Machoke 2 80 100 70 45 52 9 45 27 44 34
32 Machamp 2 90 130 80 55 52 9 26 29 0 0
33 Psyduck 4 50 52 48 55 52 47 49 55 33 36
34 Golduck 4 80 82 78 85 52 49 55 51 0 0
35 Buizel 4 55 65 35 85 52 48 51 56 26 38
36 Floatzel 4 85 105 55 115 52 51 48 56 0 0
37 Cherubi 5 45 35 45 35 52 3 5 43 25 40
38 Cherrim 5 70 60 70 85 52 43 3 28 0 0
39 Shellos 4 76 48 48 34 52 56 48 51 30 42
40 Gastrodon 4 111 83 68 39 52 48 56 51 0 0
41 Heracross 2 80 125 75 85 52 9 37 26 0 0
42 Aipom 3 55 70 55 85 52 11 12 14 25 45
43 Ambipom 3 75 100 66 115 52 11 12 29 0 0
44 Buneary 3 55 66 44 85 52 12 14 29 34 49
45 Lopunny 3 65 76 84 105 52 11 14 31 0 0
46 Glameow 3 49 55 42 85 52 14 12 29 38 51
47 Purugly 3 71 82 64 112 52 12 14 31 0 0
48 Goldeen 4 45 67 60 63 52 49 51 56 0 53
49 Seaking 4 80 92 65 68 52 49 51 57 0 0
50 Barboach 4 50 48 43 60 52 49 51 55 0 55
51 Whiscash 4 110 78 73 60 52 51 55 49 0 0
52 Chingling 1 45 30 50 45 52 20 15 4 0 57
53 Chimecho 1 65 50 70 65 52 4 20 15 0 0
54 Meditite 2 30 40 55 60 52 9 26 27 0 59
55 Medicham 2 60 60 75 80 52 9 45 26 0 0
56 Bronzor 1 57 24 86 23 52 6 4 20 0 61
57 Bronzong 1 67 89 116 33 52 20 6 4 0 0
58 MimeJr 1 20 25 45 60 52 25 20 6 0 65
59 MrMime 1 40 45 65 90 52 6 15 20 0 0
60 Happiny 3 100 5 5 30 52 31 14 29 0 67
61 Chansey 3 250 5 5 50 52 14 29 31 0 68
62 Blissey 3 255 10 10 55 52 29 31 14 0 0
63 Cleffa 3 50 25 28 15 52 31 29 35 0 70
64 Clefairy 3 70 45 48 35 52 34 29 35 0 71
65 Clefable 3 95 70 73 60 52 29 34 31 0 0
66 Pikachu 9 35 55 30 90 52 16 36 34 0 73
67 Raichu 9 60 90 55 100 52 16 34 36 0 0
68 Hoothoot 3 60 30 30 50 52 29 34 35 0 75
69 Noctowl 3 100 50 50 70 52 34 31 35 0 0
70 Gible 10 58 70 45 42 41 11 38 1 0 77
71 Gabite 10 68 90 65 82 41 11 38 1 0 78
72 Garchomp 10 108 130 95 102 41 11 38 1 0 0
73 Munchlax 3 135 85 40 5 52 31 34 35 0 80
74 Snorlax 3 160 110 65 30 52 34 35 37 0 0
75 Wooper 4 55 45 45 15 52 55 51 49 0 82
76 Quagsire 4 95 85 85 35 52 49 56 55 0 0
77 Hippopotas 6 68 72 78 32 52 18 22 39 0 84
78 Hippowdon 6 108 112 118 47 52 19 22 39 0 0
79 Azurill 3 50 20 40 20 52 37 34 38 0 86
80 Marill 4 70 20 50 40 52 48 56 51 0 87
81 Azumarill 4 100 50 80 50 52 56 51 57 0 0
82 Croagunk 3 48 61 40 50 52 54 37 42 0 89
83 Toxicroak 3 83 106 65 85 52 54 53 42 0 0
84 Carnivine 5 74 100 72 46 52 28 5 43 0 0
85 Tentacool 4 40 40 35 70 52 55 56 57 0 92
86 Tentacruel 4 80 70 65 100 52 56 55 57 0 0
87 Snover 8 60 62 50 40 52 2 13 40 0 94
88 Abomasnow 8 90 92 75 60 52 50 40 13 0 0
89 Dialga 10 100 120 120 90 41 11 18 2 0 0
90 Palkia 4 90 120 100 100 52 57 55 56 0 0
91 Manaphy 4 100 100 100 100 52 55 57 56 0 0
92 Bagon 10 45 75 60 50 41 11 38 21 0 92
93 Shelgon 10 65 95 100 50 41 11 38 23 0 93
94 Salamance 10 95 135 80 100 41 11 38 41 0 0
95 Electrike 9 40 45 40 65 52 53 16 34 0 95
96 Manectric 9 70 75 60 105 52 54 16 36 0 0
97 Sneasel 8 55 95 55 115 52 40 50 13 0 97
98 Weavile 8 70 120 65 125 52 50 13 40 0 0
99 Vanilite 8 36 50 50 44 52 40 13 50 0 99
100 Vanilllish 8 51 65 65 59 52 13 50 40 0 100
101 Vanilluxe 8 71 95 85 79 52 13 40 50 0 0.