1 DragonClaw 1 9 {10,0} 80 0 100 0 0 15,
2 FreezeShock 1 7 {9,7} 140 0 90 1 70 5,
3 LeafStorm 1 4 {8,9} 140 0 90 0 0 5,
4 Psyshock 1 0 {2,3} 80 0 100 0 0 10,
5 LeafBlade 1 4 {8,9} 90 0 100 0 0 15,
6 CalmMind 0 0 {2,3} 1 2 100 0 0 20,
7 AirCutter 1 6 {7,8} 40 0 100 0 0 25,
8 Toxic 1 2 {1,2} 0 0 90 3 90 10,
9 BulkUp 0 1 {3,1} 1 1 100 0 0 20,
10 AirSlash 1 6 {7,8} 75 0 95 0 0 20,
11 Venoshock 1 2 {1,2} 65 0 100 2 50 10,
12 HiddenPower 1 2 {1,2} 60 0 100 0 0 15,
13 Blizzard 1 7 {9,7} 120 0 70 5 60 5,
14 HyperBeam 1 2 {1,2} 150 1 90 0 0 5,
15 LightScreen 0 0 {2,3} 1 2 100 0 0 30,
16 Thunderbolt 1 8 {4,5} 95 0 100 1 50 15,
17 Thunder 1 8 {4,5} 120 0 70 1 60 10,
18 Earthquake 1 5 {6,4} 100 0 100 0 0 10,
19 Dig 1 5 {6,4} 80 0 100 0 0 10,
20 Psychic 1 0 {2,3} 90 0 100 6 50 10,
21 Flamethrower 1 9 {10,0} 95 0 100 4 65 15,
22 Sandstorm 1 5 {6,4} 1 4 100 0 0 10,
23 FireBlast 1 9 {10,0} 120 0 85 4 70 5,
24 AerialAce 1 6 {7,8} 60 0 120 0 0 20,
25 Rest 0 0 {2,3} 300 0 80 0 0 10,
26 LowSweep 1 1 {3,1} 60 0 100 1 60 20,
27 FocusBlast 1 1 {3,1} 120 0 70 0 0 5,
28 EnergyBall 1 4 {8,9} 80 0 100 0 0 10,
29 FalseSwipe 1 2 {1,2} 40 0 100 1 50 40,
30 Scald 1 3 {5,6} 80 0 100 4 70 15,
31 Will-O-Wisp 1 2 {1,2} 0 0 75 4 75 15,
32 Acrobatics 1 6 {7,8} 55 0 100 0 0 15,
33 Retaliate 1 2 {1,2} 70 0 100 0 0 5,
34 GigaImpact 1 2 {1,2} 150 0 90 0 0 5,
35 Flash 1 2 {1,2} 1 4 100 0 0 20,
36 ThunderWave 1 8 {4,5} 0 0 100 1 100 20,
37 SwordsDance 0 2 {1,2} 1 1 100 0 0 30,
38 PsychUp 0 2 {1,2} 1 2 100 0 0 10,
39 Bulldoze 1 5 {6,4} 60 0 100 0 0 20,
40 FrostBreath 1 7 {9,7} 40 0 90 5 90 10,
41 DragonTail 1 9 {10,0} 60 0 90 0 0 10,
42 WorkUp 0 2 {1,2} 1 1 100 0 0 30,
43 GrassKnot 1 4 {8,9} 70 0 100 0 0 20,
44 Pluck 1 6 {7,8} 60 0 100 0 0 20,
45 RockSmash 1 1 {3,1} 40 0 100 0 0 15,
46 Surf 1 3 {5,6} 95 0 100 0 0 15,
47 Waterfall 1 3 {5,6} 80 0 100 0 0 10,
48 Dive 1 3 {5,6} 80 0 100 0 0 10,
49 AquaTail 1 3 {5,6} 90 0 90 0 0 10,
50 IceBeam 1 7 {9,7} 95 0 100 5 70 10,
51 Brine 1 3 {5,6} 65 0 100 0 0 10,
52 Tackle 1 2 {1,2} 50 0 100 0 0 35,
53 Leer 1 2 {1,2} 1 2 100 0 0 30,
54 Slam 1 2 {1,2} 80 0 75 0 0 20,
55 Bubble 1 3 {5,6} 50 0 100 0 0 35,
56 WaterGun 1 3 {5,6} 55 0 100 0 0 25,
57 WaterPulse 1 3 {5,6} 60 0 100 0 0 20,
58 TailWhip 1 2 {1,2} 1 1 100 0 0 35,